Her.txt		1390		863		62.0863309352518
Hesher.txt		1803		657		36.43926788685524
High_Fidelity.txt		1712		995		58.11915887850467
Highlander.txt		1679		865		51.518761167361525
Highlander__Endgame.txt		1		0		0.0
Hills_Have_Eyes.txt		1189		298		25.063078216989066
His_Girl_Friday.txt		2581		1601		62.03022084463387
Hitchcock.txt		1759		522		29.67595224559409
Hitchhiker_s_Guide_to_the_Galaxy.txt		1899		749		39.44181147972618
Hollow_Man.txt		1743		705		40.44750430292599
Honeydripper.txt		1510		939		62.18543046357616
Horrible_Bosses.txt		1756		1032		58.76993166287016
Horse_Whisperer.txt		2306		1040		45.09973980919341
Hospital.txt		1292		553		42.80185758513932
Hostage.txt		1903		806		42.35417761429322
Hot_Tub_Time_Machine.txt		1407		735		52.23880597014925
Hotel_Rwanda.txt		1		0		0.0
House_of_1000_Corpses.txt		1561		749		47.98206278026906
How_to_Train_Your_Dragon.txt		1125		423		37.6
How_to_Train_Your_Dragon_2.txt		1404		505		35.96866096866097
Hudson_Hawk.txt		1508		621		41.180371352785144
Hudsucker_Proxy.txt		2154		703		32.63695450324977
Human_Nature.txt		1512		695		45.96560846560847
Hunt_for_Red_October.txt		1569		578		36.83875079668579
Hurt_Locker.txt		2015		746		37.022332506203476
I.txt		1724		603		34.976798143851504
I_Am_Number_Four.txt		1347		661		49.072011878247956
I_Love_You_Phillip_Morris.txt		1522		657		43.16688567674113
I_Spit_on_Your_Grave.txt		1152		422		36.63194444444444
I_Still_Know_What_You_Did_Last_Summer.txt		1911		640		33.490319204604916
I_am_Sam.txt		1592		892		56.03015075376885
I_ll_Do_Anything.txt		1707		922		54.01288810779145
Ice_Storm.txt		1633		207		12.676056338028168
Ides_of_March.txt		965		465		48.18652849740933
Imaginarium_of_Doctor_Parnassus.txt		1		0		0.0
In_the_Bedroom.txt		1		0		0.0
In_the_Loop.txt		1		0		0.0
Inception.txt		2441		1154		47.27570667759115
Incredibles.txt		1065		613		57.55868544600939
Independence_Day.txt		1		0		0.0
Indiana_Jones_IV.txt		1647		565		34.304796599878564
Indiana_Jones_and_the_Last_Crusade.txt		1863		819		43.96135265700483
Indiana_Jones_and_the_Raiders_of_the_Lost_Ark.txt		1216		475		39.0625
Indiana_Jones_and_the_Temple_of_Doom.txt		1904		584		30.672268907563026
Informant.txt		1691		889		52.57244234180958
Inglourious_Basterds.txt		1		0		0.0
Insider.txt		1673		819		48.95397489539749
Insidious.txt		1771		500		28.2326369282891
Insomnia.txt		2093		633		30.243669374104154
Interstellar.txt		2486		748		30.08849557522124
Interview_with_the_Vampire.txt		1539		774		50.29239766081871
Into_the_Wild.txt		1387		432		31.146359048305694
Into_the_Woods.txt		2395		655		27.348643006263046
Intolerable_Cruelty.txt		1528		969		63.416230366492144
Inventing_the_Abbotts.txt		1856		993		53.502155172413794
Invention_of_Lying.txt		1743		830		47.61904761904761
Invictus.txt		2299		620		26.968247063940844
Iron_Lady.txt		1246		381		30.57784911717496
Island.txt		1699		679		39.96468510888758
It.txt		2089		758		36.28530397319292
It_Happened_One_Night.txt		3967		0		0.0
It_s_Complicated.txt		1194		785		65.74539363484088
It_s_a_Wonderful_Life.txt		2616		1446		55.27522935779816
Italian_Job.txt		1686		566		33.570581257414
JFK.txt		1984		1096		55.24193548387096
Jacket.txt		1915		742		38.746736292428196
Jackie_Brown.txt		2635		1356		51.46110056925997
Jacob_s_Ladder.txt		1797		1036		57.65164162493044
Jane_Eyre.txt		1869		899		48.10058855002675
Jason_X.txt		2354		852		36.19371282922685
Jaws.txt		1692		694		41.01654846335697
Jaws_2.txt		2216		1089		49.14259927797834
Jay_and_Silent_Bob_Strike_Back.txt		1628		893		54.85257985257985
Jennifer_Eight.txt		1879		753		40.07450771687068
Jennifer_s_Body.txt		811		339		41.800246609124535
Jerry_Maguire.txt		1965		965		49.10941475826972
Jeux_Interdits.txt		1744		659		37.78669724770643
Jimmy_and_Judy.txt		2040		419		20.53921568627451
John_Q.txt		1745		534		30.601719197707737
John_Wick.txt		1735		358		20.634005763688762
Joker.txt		1226		445		36.296900489396414
Judge_Dredd.txt		1578		416		26.362484157160964
Juno.txt		1386		794		57.287157287157285
Jurassic_Park.txt		1833		718		39.170758319694485
Jurassic_Park_III.txt		1426		450		31.55680224403927
Jurassic_Park__The_Lost_World.txt		1		0		0.0
Kafka.txt		1433		581		40.54431263084438
Kalifornia.txt		1959		687		35.068912710566615
Kids.txt		1366		759		55.56368960468521
Kids_Are_All_Right.txt		1039		565		54.379210779595766
Kill_Your_Darlings.txt		1365		595		43.58974358974359
Killing_Zoe.txt		1676		739		44.093078758949886
King_Kong.txt		2339		579		24.754168448054724
King_of_Comedy.txt		1910		1047		54.816753926701566
King_s_Speech.txt		1605		977		60.872274143302185
Kingdom.txt		1669		569		34.09227082085081
Klute.txt		1451		593		40.868366643694
Knocked_Up.txt		2459		1704		69.29646197641317
Kramer_vs_Kramer.txt		2110		786		37.25118483412322
Kundun.txt		1762		533		30.249716231555052
