TRON.txt		1739		529		30.41978148361127
TRON__Legacy.txt		2008		743		37.00199203187251
Take_Shelter.txt		970		491		50.618556701030926
Taking_Lives.txt		2145		0		0.0
Taking_Sides.txt		940		548		58.29787234042553
Taking_of_Pelham_One_Two_Three.txt		2159		905		41.917554423344136
Talented_Mr.txt		1284		776		60.43613707165109
Tall_in_the_Saddle.txt		2115		991		46.85579196217494
Tamara_Drewe.txt		1711		931		54.41262419637639
Taxi_Driver.txt		1397		587		42.0186113099499
Ted.txt		1780		875		49.157303370786515
Terminator.txt		1465		468		31.94539249146758
Terminator_2__Judgement_Day.txt		1571		500		31.826861871419474
Terminator_Salvation.txt		1771		570		32.18520609824957
The_Rage__Carrie_2.txt		1289		647		50.19394879751745
Theory_of_Everything.txt		1638		551		33.63858363858364
There_s_Something_About_Mary.txt		1961		956		48.750637429882715
They.txt		8		0		0.0
Thing.txt		1871		632		33.77872795296633
Things_My_Father_Never_Taught_Me.txt		104		40		38.46153846153847
Thirteen_Days.txt		2030		708		34.87684729064039
This_Boy_s_Life.txt		346		167		48.26589595375722
Thor.txt		1711		801		46.81472822910578
Thor_Ragnarok.txt		1925		770		40.0
Three_Kings.txt		2159		998		46.22510421491432
Three_Kings_(Spoils_of_War).txt		1741		232		13.325674899483056
Three_Men_and_a_Baby.txt		440		108		24.545454545454547
Three_Musketeers.txt		1126		305		27.087033747779753
Thunderbirds.txt		1217		818		67.21446179129006
Thunderheart.txt		1735		732		42.19020172910663
Ticker.txt		1406		497		35.34850640113798
Timber_Falls.txt		1743		624		35.800344234079176
Time_Machine.txt		1		0		0.0
Tin_Cup.txt		1911		1049		54.892726321297744
Tin_Men.txt		438		239		54.5662100456621
Tinker_Tailor_Soldier_Spy.txt		1419		495		34.883720930232556
Titanic.txt		3745		0		0.0
To_Sleep_with_Anger.txt		1350		57		4.222222222222222
Tombstone.txt		1693		993		58.65327820437094
Tomorrow_Never_Dies.txt		2658		893		33.596689240030095
Top_Gun.txt		1768		954		53.959276018099544
Total_Recall.txt		1114		472		42.36983842010772
Tourist.txt		1674		457		27.299880525686977
Toy_Story.txt		1970		677		34.36548223350254
Traffic.txt		2165		870		40.184757505773675
Training_Day.txt		4		0		0.0
Trainspotting.txt		1686		38		2.2538552787663106
Transformers__The_Movie.txt		1881		684		36.36363636363637
Tremors.txt		1		0		0.0
Tristan_and_Isolde.txt		705		520		73.75886524822694
Tropic_Thunder.txt		1261		545		43.21966693100714
True_Grit.txt		1642		670		40.803897685749085
True_Lies.txt		1751		782		44.66019417475729
True_Romance.txt		1717		969		56.43564356435643
Truman_Show.txt		1365		647		47.399267399267394
Twilight.txt		1843		646		35.051546391752574
Twilight__New_Moon.txt		1747		609		34.859759587864914
Twin_Peaks.txt		2147		898		41.825803446669774
Twins.txt		1165		353		30.300429184549355
Two_For_The_Money.txt		1728		977		56.53935185185185
U_Turn.txt		1690		944		55.857988165680474
Ugly_Truth.txt		1856		909		48.97629310344828
Un_Singe_en_Hiver.txt		1911		793		41.49659863945578
Unbreakable.txt		1747		449		25.701202060675442
Under_Fire.txt		1834		708		38.6041439476554
Unknown.txt		1426		446		31.276297335203367
Up.txt		1554		650		41.82754182754182
Up_in_the_Air.txt		1717		829		48.281887012230634
Usual_Suspects.txt		1524		631		41.40419947506562
V_for_Vendetta.txt		2267		795		35.06837229819144
Valkyrie.txt		1329		471		35.44018058690745
Vanilla_Sky.txt		1273		825		64.8075412411626
Verdict.txt		1622		806		49.69173859432799
Very_Bad_Things.txt		1692		990		58.51063829787234
Village.txt		1		0		0.0
Virtuosity.txt		1708		517		30.269320843091336
Visitor.txt		1771		807		45.56747600225861
Wag_the_Dog.txt		1740		1159		66.60919540229885
Walk_to_Remember.txt		2014		816		40.51638530287984
Walking_Tall.txt		617		462		74.87844408427877
Wall-E.txt		1433		238		16.608513607815773
Wall_Street.txt		1550		793		51.16129032258064
Wall_Street__Money_Never_Sleeps.txt		1621		740		45.65083281924738
Wanted.txt		1052		389		36.97718631178707
War_Horse.txt		1496		555		37.09893048128342
War_for_the_Planet_of_the_Apes.txt		1766		336		19.026047565118912
War_of_the_Worlds.txt		1143		691		60.45494313210848
Warm_Springs.txt		1		0		0.0
Warrior.txt		1373		417		30.3714493809177
Watchmen.txt		1634		628		38.43329253365973
Water_for_Elephants.txt		1365		546		40.0
Way_Back.txt		1386		481		34.704184704184705
We_Own_the_Night.txt		2022		819		40.50445103857567
What_Lies_Beneath.txt		1775		800		45.07042253521127
When_a_Stranger_Calls.txt		1486		498		33.51278600269179
While_She_Was_Out.txt		1330		246		18.49624060150376
Whistleblower.txt		1		0		0.0
White_Christmas.txt		1260		681		54.047619047619044
White_Jazz.txt		1402		654		46.64764621968616
White_Ribbon.txt		171		2		1.1695906432748537
