Freaked.txt		1507		663		43.99469143994691
Freddy_vs.txt		1557		690		44.3159922928709
French_Connection.txt		1		0		0.0
Frequency.txt		2034		689		33.87413962635202
Friday_the_13th.txt		1350		401		29.703703703703706
Friday_the_13th_Part_VIII__Jason_Takes_Manhattan.txt		1962		449		22.884811416921508
Fright_Night.txt		1350		653		48.37037037037037
Fright_Night_(1985).txt		1483		519		34.99662845583277
From_Dusk_Till_Dawn.txt		1465		694		47.37201365187713
From_Here_to_Eternity.txt		1957		1065		54.420030659172205
Frozen.txt		1390		668		48.05755395683453
Frozen_(Disney).txt		1733		759		43.79688401615695
Frozen_River.txt		1669		663		39.724385859796286
Fruitvale_Station.txt		1391		506		36.37670740474479
Fugitive.txt		2283		601		26.325010950503724
Funny_People.txt		1718		1032		60.06984866123399
G.txt		1400		697		49.785714285714285
Game.txt		1943		211		10.859495625321667
Game_6.txt		1225		683		55.755102040816325
Gamer.txt		1711		449		26.241963763880772
Gandhi.txt		2370		908		38.312236286919834
Gang_Related.txt		1960		1019		51.98979591836734
Gangs_of_New_York.txt		2069		945		45.67423876268729
Garden_State.txt		1648		1032		62.62135922330098
Gattaca.txt		1199		582		48.54045037531276
Get_Carter.txt		1340		693		51.71641791044777
Get_Low.txt		1246		706		56.66131621187801
Get_Out.txt		1499		743		49.566377585056706
Get_Shorty.txt		2007		1146		57.100149476831085
Get_on_Up.txt		1771		671		37.88819875776397
Getaway.txt		1708		586		34.30913348946136
Ghost.txt		1782		858		48.148148148148145
Ghost_Rider.txt		1545		507		32.81553398058252
Ghost_Ship.txt		1847		752		40.71467244179751
Ghost_World.txt		1758		1203		68.43003412969283
Ghost_and_the_Darkness.txt		2346		364		15.515771526001704
Ghostbusters.txt		712		188		26.40449438202247
Ghostbusters_2.txt		1640		793		48.353658536585364
Girl_with_the_Dragon_Tattoo.txt		1527		724		47.41322855271775
Gladiator.txt		1755		669		38.11965811965812
Glengarry_Glen_Gross.txt		1197		982		82.03842940685045
Go.txt		1910		852		44.60732984293194
Godfather.txt		1		0		0.0
Godfather_Part_II.txt		2696		1139		42.24777448071217
Godfather_Part_III.txt		1691		624		36.90124186871673
Gods_and_Monsters.txt		1718		981		57.10128055878929
Godzilla.txt		1605		663		41.308411214953274
Gone_Baby_Gone.txt		1686		941		55.81257413997628
Gone_in_60_Seconds.txt		2128		982		46.14661654135339
Good_Girl.txt		621		580		93.39774557165862
Good_Will_Hunting.txt		1891		1185		62.66525647805394
Gothika.txt		1998		0		0.0
Grabbers.txt		1800		948		52.666666666666664
Graduate.txt		2275		805		35.38461538461539
Gran_Torino.txt		2047		976		47.67953102100635
Grand_Hotel.txt		2020		1130		55.940594059405946
Grand_Theft_Parsons.txt		1611		831		51.5828677839851
Grapes_of_Wrath.txt		1392		1014		72.84482758620689
Gravity.txt		1706		378		22.157092614302464
Great_Gatsby.txt		2158		760		35.217794253938834
Green_Mile.txt		2057		907		44.09333981526495
Gremlins.txt		1		0		0.0
Gremlins_2.txt		1621		532		32.819247378161634
Grifters.txt		1509		470		31.146454605699137
Grosse_Point_Blank.txt		1479		588		39.75659229208925
Groundhog_Day.txt		1603		874		54.5227698066126
Grudge.txt		1740		307		17.643678160919542
Guardians_of_the_Galaxy_Vol_2.txt		2350		826		35.148936170212764
Hackers.txt		1229		710		57.770545158665584
Hall_Pass.txt		1848		910		49.24242424242424
Halloween.txt		1460		450		30.82191780821918
Halloween__The_Curse_of_Michael_Myers.txt		831		406		48.856799037304455
Hancock.txt		1		0		0.0
Hangover.txt		1493		838		56.12860013395847
Hanna.txt		1346		614		45.61664190193165
Hannah_and_Her_Sisters.txt		2190		1364		62.28310502283105
Hannibal.txt		2355		264		11.210191082802549
Happy_Birthday.txt		1420		1228		86.47887323943661
Happy_Feet.txt		1330		474		35.6390977443609
Hard_Rain.txt		2194		602		27.438468550592525
Hard_to_Kill.txt		1194		405		33.91959798994975
Harold_and_Kumar_Go_to_White_Castle.txt		1472		843		57.26902173913043
Haunting.txt		1803		520		28.840820854132005
He_s_Just_Not_That_Into_You.txt		2089		940		44.997606510292
Heat.txt		2662		868		32.60706235912848
Heathers.txt		1691		640		37.84742755765819
Heavenly_Creatures.txt		1642		325		19.792935444579783
Heavy_Metal.txt		901		431		47.83573806881243
Hebrew_Hammer.txt		1428		448		31.372549019607842
Heist.txt		2456		1004		40.87947882736157
Hellbound__Hellraiser_II.txt		1313		389		29.62680883472963
Hellboy.txt		1836		632		34.42265795206972
Hellboy_2__The_Golden_Army.txt		1362		638		46.84287812041116
Hellraiser.txt		1460		604		41.369863013698634
Hellraiser_3__Hell_on_Earth.txt		1617		459		28.385899814471244
Hellraiser__Deader.txt		1		0		0.0
Hellraiser__Hellseeker.txt		1431		536		37.45632424877708
Help.txt		1754		959		54.67502850627138
Henry_Fool.txt		2133		963		45.14767932489451
Henry_s_Crime.txt		1793		988		55.1031790295594
