Pianist.txt		1566		507		32.37547892720307
Piano.txt		1184		407		34.375
Pineapple_Express.txt		1771		525		29.64426877470356
Pirates_of_the_Caribbean.txt		1899		656		34.544497103738806
Pirates_of_the_Caribbean__Dead_Man_s_Chest.txt		1415		807		57.031802120141336
Pitch_Black.txt		1403		627		44.689950106913756
Planet_of_the_Apes.txt		1619		326		20.13588634959852
Platinum_Blonde.txt		3277		0		0.0
Platoon.txt		1624		581		35.775862068965516
Pleasantville.txt		2266		761		33.58340688437776
Point_Break.txt		1		0		0.0
Pokemon__Mewtwo_Returns.txt		25		0		0.0
Postman.txt		2195		818		37.26651480637813
Power_of_One.txt		1729		789		45.633314054366686
Precious.txt		1517		505		33.28938694792353
Predator.txt		1131		289		25.552608311229
Prestige.txt		2021		732		36.219693221177636
Pretty_Woman.txt		1700		875		51.470588235294116
Pretty_Woman_(final_script).txt		3238		1435		44.31747992588017
Pride_and_Prejudice.txt		1649		899		54.517889630078834
Priest.txt		1267		489		38.59510655090765
Princess_Bride.txt		1978		707		35.74317492416582
Private_Life_of_Sherlock_Holmes.txt		1746		997		57.10194730813287
Producer.txt		1365		694		50.84249084249084
Program.txt		1548		736		47.54521963824289
Prom_Night.txt		1		0		0.0
Prometheus.txt		1945		514		26.426735218508995
Prophecy.txt		1744		958		54.93119266055045
Proposal.txt		1472		950		64.53804347826086
Psycho.txt		1550		676		43.612903225806456
Public_Enemies.txt		1929		719		37.27319854847071
Pulp_Fiction.txt		2042		1127		55.190989226248774
Punch-Drunk_Love.txt		1419		877		61.80408738548273
Purple_Rain.txt		1459		644		44.139821795750514
Quantum_Project.txt		502		114		22.709163346613543
Queen.txt		1		0		0.0
Queen_of_the_Damned.txt		1712		574		33.52803738317757
RKO_281.txt		1690		101		5.976331360946745
Rachel_Getting_Married.txt		1385		853		61.588447653429604
Raging_Bull.txt		1390		592		42.589928057553955
Raising_Arizona.txt		2151		745		34.63505346350534
Rambling_Rose.txt		1711		130		7.597895967270602
Rambo__First_Blood_II__The_Mission.txt		1695		566		33.392330383480825
Reader.txt		1323		595		44.97354497354497
Real_Genius.txt		1554		901		57.97940797940798
Rear_Window.txt		2290		836		36.506550218340614
Rebel_Without_A_Cause.txt		1542		904		58.62516212710766
Red_Planet.txt		5		0		0.0
Red_Riding_Hood.txt		1518		749		49.34123847167326
Reindeer_Games.txt		2054		917		44.644595910418694
Relic.txt		1599		669		41.83864915572232
Remember_Me.txt		1593		815		51.16133082234777
Replacements.txt		1766		581		32.89920724801812
Repo_Man.txt		944		698		73.9406779661017
Rescuers_Down_Under.txt		1		0		0.0
Reservoir_Dogs.txt		811		270		33.292231812577064
Resident_Evil.txt		1514		537		35.468956406869225
Return_of_the_Apes.txt		2516		3		0.11923688394276628
Revenant.txt		1506		367		24.369189907038514
Revolutionary_Road.txt		1506		526		34.9269588313413
Ringu.txt		1		0		0.0
Rise_of_the_Guardians.txt		2025		780		38.51851851851852
Rise_of_the_Planet_of_the_Apes.txt		1		0		0.0
Road.txt		1		0		0.0
Robin_Hood__Prince_of_Thieves.txt		372		212		56.98924731182796
Rock.txt		1073		19		1.7707362534948743
RocknRolla.txt		1875		641		34.18666666666667
Rocky.txt		1678		876		52.20500595947557
Rocky_Horror_Picture_Show.txt		1445		440		30.44982698961938
Ronin.txt		1387		672		48.44989185291997
Room.txt		1800		738		41.0
Roommate.txt		1461		714		48.870636550308014
Roughshod.txt		2103		852		40.51355206847361
Ruins.txt		1210		684		56.528925619834716
Runaway_Bride.txt		1801		759		42.143253747917825
Rush.txt		1		0		0.0
Rush_Hour.txt		1916		539		28.131524008350734
Rush_Hour_2.txt		1385		638		46.064981949458485
Rushmore.txt		2913		0		0.0
Rust_and_Bone.txt		1		0		0.0
S.txt		1859		592		31.845077998924154
Saint.txt		1		0		0.0
Salton_Sea.txt		1960		690		35.204081632653065
Sandlot_Kids.txt		2116		520		24.574669187145556
Save_the_Last_Dance.txt		1642		727		44.27527405602923
Saving_Mr.txt		1570		705		44.904458598726116
Saving_Private_Ryan.txt		1701		818		48.08935920047031
Saw.txt		759		538		70.88274044795784
Scarface.txt		1179		487		41.30619168787108
Schindler_s_List.txt		1895		668		35.25065963060686
Scott_Pilgrim_vs_the_World.txt		2270		1297		57.13656387665198
Scream.txt		1890		943		49.8941798941799
Scream_2.txt		1739		778		44.738355376653246
Scream_3.txt		1228		637		51.872964169381106
Se7en.txt		2064		765		37.06395348837209
Searchers.txt		2060		828		40.19417475728155
Secret_Life_of_Walter_Mitty.txt		1671		833		49.85038898862956
Semi-Pro.txt		1625		709		43.63076923076923
Sense_and_Sensibility.txt		1921		1019		53.04528891202499
Serenity.txt		1653		768		46.46098003629764
