Artist.txt		1		0		0.0
As_Good_As_It_Gets.txt		1443		777		53.84615384615385
Assassins.txt		1809		791		43.725815367606415
Assignment.txt		1705		693		40.64516129032258
At_First_Sight.txt		1150		231		20.08695652173913
August__Osage_County.txt		1833		1162		63.39334424440808
Austin_Powers_-_International_Man_of_Mystery.txt		1518		609		40.11857707509881
Austin_Powers_-_The_Spy_Who_Shagged_Me.txt		1401		591		42.184154175588866
Authors_Anonymous.txt		1530		532		34.77124183006536
Autumn_in_New_York.txt		1792		892		49.776785714285715
Avatar.txt		2497		667		26.71205446535843
Avengers.txt		1528		759		49.67277486910995
Avventura.txt		785		115		14.64968152866242
Awakenings.txt		314		76		24.203821656050955
Babel.txt		2269		839		36.976641692375495
Bachelor_Party.txt		1017		739		72.66470009832841
Back-up_Plan.txt		1637		894		54.612095296273665
Backdraft.txt		1845		951		51.54471544715447
Bad_Boys.txt		559		130		23.25581395348837
Bad_Country.txt		2017		642		31.82944967773922
Bad_Day_at_Black_Rock.txt		1332		691		51.87687687687688
Bad_Dreams.txt		1		0		0.0
Bad_Lieutenant.txt		963		285		29.595015576323984
Bad_Santa.txt		1403		637		45.40270848182466
Bad_Teacher.txt		1429		643		44.996501049685094
Badlands.txt		1055		413		39.14691943127962
Bamboozled.txt		2245		866		38.57461024498887
Barry_Lyndon.txt		1606		527		32.81444582814446
Barton_Fink.txt		1908		779		40.82809224318658
Basic.txt		357		235		65.82633053221288
Basic_Instinct.txt		1687		786		46.59158269116775
Basquiat.txt		1506		609		40.438247011952186
Batman.txt		1958		569		29.06026557711951
Batman_2.txt		1		0		0.0
Battle__Los_Angeles.txt		562		81		14.412811387900357
Battle_of_Algiers.txt		1049		130		12.392755004766444
Battle_of_Shaker_Heights.txt		1824		889		48.739035087719294
Beach.txt		1		0		0.0
Bean.txt		1670		576		34.49101796407186
Beasts_of_No_Nation.txt		1645		398		24.194528875379937
Beasts_of_the_Southern_Wild.txt		1165		202		17.339055793991417
Beauty_and_the_Beast.txt		1377		346		25.12708787218591
Beavis_and_Butt-head_Do_America.txt		1		0		0.0
Beginners.txt		1222		580		47.46317512274959
Being_Human.txt		1219		390		31.99343724364233
Being_John_Malkovich.txt		1617		749		46.320346320346324
Being_There.txt		1587		179		11.279143037177064
Believer.txt		1589		813		51.16425424795469
Belle.txt		769		344		44.733420026007806
Beloved.txt		2325		1030		44.3010752688172
Best_Exotic_Marigold_Hotel.txt		1682		864		51.36741973840666
Big.txt		871		750		86.10792192881746
Big_Blue.txt		1692		850		50.23640661938534
Big_Eyes.txt		1522		648		42.57555847568988
Big_Fish.txt		1873		646		34.49012279765083
Big_Lebowski.txt		1821		1085		59.58264689730917
Big_Sick.txt		1576		997		63.26142131979695
Big_White.txt		1659		785		47.317661241711875
Birdman.txt		1541		845		54.83452303698897
Birds.txt		2681		1049		39.1271913465125
Birthday_Girl.txt		1453		572		39.36682725395733
BlacKkKlansman.txt		1894		798		42.13305174234424
Black_Dahlia.txt		2716		1025		37.73932253313696
Black_Panther.txt		1499		437		29.15276851234156
Black_Rain.txt		1912		633		33.10669456066946
Black_Snake_Moan.txt		1730		754		43.58381502890173
Black_Swan.txt		1832		471		25.709606986899562
Blade.txt		1616		543		33.601485148514854
Blade_II.txt		1420		390		27.464788732394368
Blade_Runner.txt		1525		725		47.540983606557376
Blade__Trinity.txt		1659		409		24.653405666063893
Blast_from_the_Past.txt		2108		1217		57.73244781783681
Blind_Side.txt		1872		765		40.86538461538461
Bling_Ring.txt		1246		494		39.64686998394863
Blood_Simple.txt		1729		480		27.761711972238288
Blood_and_Wine.txt		1		0		0.0
Blow.txt		1670		864		51.73652694610779
Blue_Valentine.txt		1516		488		32.189973614775724
Blue_Velvet.txt		1978		860		43.47826086956522
Body_Heat.txt		1816		828		45.59471365638766
Body_of_Evidence.txt		1498		870		58.07743658210948
Bodyguard.txt		554		111		20.03610108303249
Bones.txt		1784		586		32.847533632286996
Bonfire_of_the_Vanities.txt		1141		401		35.14460999123576
Bonnie_and_Clyde.txt		1613		648		40.17358958462493
Boogie_Nights.txt		5270		0		0.0
Book_of_Eli.txt		1881		741		39.39393939393939
Boondock_Saints.txt		1518		753		49.60474308300395
Boondock_Saints_2__All_Saints_Day.txt		1772		684		38.60045146726862
Bottle_Rocket.txt		1817		1095		60.26417171161255
Bound.txt		1937		829		42.79814145585958
Bounty_Hunter.txt		1		0		0.0
Bourne_Identity.txt		1514		538		35.53500660501982
Bourne_Supremacy.txt		1375		433		31.490909090909092
Bourne_Ultimatum.txt		1369		431		31.48283418553689
Box.txt		1446		631		43.63762102351314
Boxtrolls.txt		2039		534		26.189308484551248
Boyhood.txt		2702		1707		63.17542561065878
Braveheart.txt		1633		681		41.702388242498465
Brazil.txt		1600		886		55.375
