10_Things_I_Hate_About_You.txt		1832		773		42.19432314410481
12.txt		822		381		46.35036496350365
127_Hours.txt		822		168		20.437956204379564
12_Monkeys.txt		1953		727		37.22478238607271
12_Years_a_Slave.txt		1511		639		42.28987425545996
12_and_Holding.txt		1540		704		45.714285714285715
1492__Conquest_of_Paradise.txt		1522		610		40.07884362680683
15_Minutes.txt		1649		868		52.63796240145543
17_Again.txt		1		0		0.0
187.txt		1899		684		36.018957345971565
2001__A_Space_Odyssey.txt		1223		467		38.18479149632053
2012.txt		2198		646		29.390354868061873
25th_Hour.txt		2411		3		0.1244296972210701
28_Days_Later.txt		1688		581		34.41943127962085
30_Minutes_or_Less.txt		1626		865		53.198031980319804
42.txt		1701		764		44.914756025867135
44_Inch_Chest.txt		1251		679		54.2765787370104
48_Hrs.txt		1852		933		50.377969762419006
50-50.txt		1754		880		50.17103762827823
500_Days_of_Summer.txt		1805		949		52.57617728531856
8MM.txt		1899		575		30.27909426013691
9.txt		1464		0		0.0
A_Few_Good_Men.txt		2131		1419		66.58845612388549
A_Most_Violent_Year.txt		1		0		0.0
A_Prayer_Before_Dawn.txt		1365		311		22.783882783882785
A_Quiet_Place.txt		1		0		0.0
A_Scanner_Darkly.txt		1802		883		49.00110987791343
A_Serious_Man.txt		1044		752		72.03065134099617
Above_the_Law.txt		1022		256		25.048923679060664
Absolute_Power.txt		1590		480		30.18867924528302
Abyss.txt		1		0		0.0
Ace_Ventura__Pet_Detective.txt		5		1		20.0
Adaptation.txt		1645		688		41.82370820668693
Addams_Family.txt		903		1		0.11074197120708748
Adjustment_Bureau.txt		1719		817		47.52763234438627
Adventures_of_Buckaroo_Banzai_Across_the_Eighth_Dimension.txt		1669		551		33.013780707010184
Affliction.txt		1270		726		57.16535433070866
After.txt		575		226		39.30434782608695
After_School_Special.txt		124		61		49.193548387096776
Agnes_of_God.txt		1274		906		71.11459968602826
Air_Force_One.txt		1		0		0.0
Airplane.txt		1767		479		27.108092812676855
Airplane_2__The_Sequel.txt		2104		784		37.26235741444867
Aladdin.txt		7		0		0.0
Ali.txt		2034		642		31.563421828908556
Alien.txt		1		0		0.0
Alien_3.txt		1485		693		46.666666666666664
Alien_Nation.txt		1337		549		41.06207928197457
Alien__Resurrection.txt		2907		0		0.0
Alien_vs.txt		1675		548		32.71641791044776
Aliens.txt		1641		716		43.631931748933575
All_About_Eve.txt		1960		1276		65.10204081632654
All_About_Steve.txt		1332		665		49.92492492492492
All_the_King_s_Men.txt		1762		1045		59.307604994324635
All_the_President_s_Men.txt		1818		819		45.04950495049505
Almost_Famous.txt		2094		1001		47.80324737344795
Alone_in_the_Dark.txt		1577		318		20.164870006341154
Amadeus.txt		2277		1296		56.916996047430835
Amelia.txt		1170		517		44.18803418803419
American.txt		1700		648		38.11764705882353
American_Beauty.txt		1461		683		46.74880219028063
American_Gangster.txt		1970		681		34.568527918781726
American_Graffiti.txt		1693		1016		60.01181334908446
American_History_X.txt		1623		797		49.106592729513245
American_Hustle.txt		1878		1043		55.53780617678381
American_Madness.txt		3525		0		0.0
American_Milkshake.txt		1588		724		45.5919395465995
American_Outlaws.txt		4		0		0.0
American_Pie.txt		1771		833		47.03557312252965
American_President.txt		2065		1221		59.12832929782083
American_Psycho.txt		1539		12		0.7797270955165692
American_Shaolin__King_of_Kickboxers_II.txt		1423		54		3.794799718903725
American_Sniper.txt		1855		721		38.86792452830189
American_Splendor.txt		1445		451		31.21107266435986
American_Werewolf_in_London.txt		1406		697		49.57325746799431
Amityville_Asylum.txt		1101		568		51.58946412352407
Amour.txt		945		385		40.74074074074074
An_Education.txt		1		0		0.0
Analyze_That.txt		400		245		61.25000000000001
Analyze_This.txt		2033		1121		55.140186915887845
Anastasia.txt		1497		482		32.197728790915164
Angel_Eyes.txt		2067		950		45.9603289791969
Anna_Karenina.txt		2065		737		35.690072639225185
Annie_Hall.txt		1742		313		17.96785304247991
Anniversary_Party.txt		1524		1020		66.92913385826772
Anonymous.txt		2029		706		34.79546574667324
Antitrust.txt		1921		795		41.3846954711088
Antz.txt		1167		393		33.67609254498715
Apartment.txt		1875		1098		58.56
Apocalypse_Now.txt		1747		894		51.173440183171145
April_Fool_s_Day.txt		1602		702		43.82022471910113
Apt_Pupil.txt		1372		224		16.3265306122449
Arbitrage.txt		1499		903		60.240160106737825
Arcade.txt		1740		527		30.28735632183908
Arctic_Blue.txt		1057		593		56.10217596972564
Argo.txt		1633		495		30.312308634415185
Armageddon.txt		729		0		0.0
Army_of_Darkness.txt		21		2		9.523809523809524
Arsenic_and_Old_Lace.txt		2443		1399		57.265656979124024
Arthur.txt		1680		811		48.273809523809526
