Day_the_Earth_Stood_Still.txt		1556		573		36.825192802056556
Days_of_Heaven.txt		6		0		0.0
Dead_Poets_Society.txt		1629		954		58.5635359116022
Deadpool.txt		1702		531		31.19858989424207
Dear_White_People.txt		1639		779		47.52898108602807
Death_at_a_Funeral.txt		1		0		0.0
Death_to_Smoochy.txt		1738		753		43.32566168009206
Debt.txt		1389		405		29.15766738660907
Deception.txt		1480		587		39.66216216216216
Deep_Cover.txt		1562		778		49.807938540332906
Deep_Rising.txt		1569		514		32.75971956660293
Deer_Hunter.txt		1700		214		12.588235294117647
Defiance.txt		1804		812		45.01108647450111
Departed.txt		2351		1143		48.61760952786048
Descendants.txt		1622		832		51.29469790382244
Despicable_Me_2.txt		1442		525		36.407766990291265
Detroit_Rock_City.txt		1616		669		41.398514851485146
Devil_Wears_Prada.txt		1922		678		35.27575442247659
Devil_in_a_Blue_Dress.txt		2005		848		42.29426433915212
Devil_s_Advocate.txt		2133		933		43.741209563994374
Die_Hard.txt		1887		638		33.810280869104396
Die_Hard_2.txt		1840		507		27.554347826086957
Diner.txt		1455		546		37.52577319587629
Distinguished_Gentleman.txt		289		88		30.44982698961938
Disturbia.txt		2023		564		27.87938704893722
Django_Unchained.txt		1474		869		58.95522388059702
Do_The_Right_Thing.txt		1568		750		47.83163265306122
Dog_Day_Afternoon.txt		1		0		0.0
Dogma.txt		3590		0		0.0
Donnie_Brasco.txt		233		37		15.879828326180256
Doors.txt		2028		1055		52.02169625246549
Double_Indemnity.txt		1776		1052		59.23423423423423
Drag_Me_to_Hell.txt		956		527		55.1255230125523
Dragonslayer.txt		1143		529		46.28171478565179
Drive.txt		1486		591		39.771197846567965
Drive_Angry.txt		1093		595		54.43732845379689
Drop_Dead_Gorgeous.txt		1458		518		35.5281207133059
Dry_White_Season.txt		1380		467		33.84057971014493
Duck_Soup.txt		936		468		50.0
Dumb_and_Dumber.txt		1871		781		41.74238375200427
Dune.txt		1464		467		31.898907103825135
E.txt		1		0		0.0
Eagle_Eye.txt		1754		699		39.85176738882554
Eastern_Promises.txt		1716		544		31.7016317016317
Easy_A.txt		1521		607		39.907955292570676
Ed_TV.txt		1848		944		51.082251082251084
Ed_Wood.txt		2456		1143		46.539087947882734
Edward_Scissorhands.txt		539		532		98.7012987012987
Eight_Legged_Freaks.txt		1569		634		40.40790312300829
El_Mariachi.txt		668		259		38.772455089820355
Election.txt		1676		477		28.460620525059667
Elephant_Man.txt		1925		839		43.58441558441559
Elizabeth__The_Golden_Age.txt		1294		519		40.108191653786704
Enemy_of_the_State.txt		2037		992		48.699067255768284
English_Patient.txt		1618		884		54.635352286773795
Enough.txt		1		0		0.0
Entrapment.txt		2069		692		33.44610923151281
Erik_the_Viking.txt		5		0		0.0
Erin_Brockovich.txt		2059		993		48.22729480330257
Escape_From_L.txt		1585		427		26.940063091482653
Escape_From_New_York.txt		832		468		56.25
Eternal_Sunshine_of_the_Spotless_Mind.txt		1801		929		51.58245419211549
Even_Cowgirls_Get_the_Blues.txt		988		365		36.94331983805668
Event_Horizon.txt		2036		789		38.7524557956778
Evil_Dead.txt		651		312		47.926267281105986
Evil_Dead_II__Dead_by_Dawn.txt		1269		200		15.760441292356187
Ex_Machina.txt		1991		546		27.423405323957812
Excalibur.txt		1518		601		39.59156785243742
Extract.txt		1290		756		58.6046511627907
Fabulous_Baker_Boys.txt		2068		1297		62.71760154738878
Face_Off.txt		1572		729		46.37404580152672
Fair_Game.txt		1664		690		41.46634615384615
Family_Man.txt		2255		794		35.210643015521065
Fantastic_Four.txt		1935		704		36.382428940568474
Fantastic_Mr_Fox.txt		1068		420		39.325842696629216
Fargo.txt		1618		915		56.55129789864029
Fast_Times_at_Ridgemont_High.txt		1780		252		14.157303370786517
Fatal_Instinct.txt		1882		774		41.12646121147715
Fault_in_Our_Stars.txt		1462		903		61.76470588235294
Fear_and_Loathing_in_Las_Vegas.txt		1509		581		38.502319416832336
Feast.txt		1658		758		45.71773220747889
Ferris_Bueller_s_Day_Off.txt		1		0		0.0
Field_of_Dreams.txt		1781		871		48.9051094890511
Fifth_Element.txt		2003		876		43.73439840239641
Fight_Club.txt		2384		1071		44.9244966442953
Fighter.txt		1		0		0.0
Final_Destination.txt		1938		322		16.615067079463365
Final_Destination_2.txt		1508		572		37.93103448275862
Finding_Nemo.txt		1542		1358		88.0674448767834
Five_Easy_Pieces.txt		1516		659		43.46965699208443
Flash_Gordon.txt		1329		467		35.13920240782543
Fletch.txt		1640		746		45.487804878048784
Flight.txt		2073		819		39.507959479015916
Flintstones.txt		972		281		28.909465020576132
Forrest_Gump.txt		1946		675		34.68653648509763
Four_Feathers.txt		1		0		0.0
Four_Rooms.txt		1668		931		55.81534772182254
Foxcatcher.txt		1625		517		31.815384615384616
Fracture.txt		1274		843		66.16954474097331
Frances.txt		1945		1046		53.77892030848329
