White_Squall.txt		1993		1048		52.58404415454089
Whiteout.txt		1789		596		33.314700950251535
Who_s_Your_Daddy.txt		1545		831		53.786407766990294
Wild_At_Heart.txt		1834		1059		57.74263904034896
Wild_Bunch.txt		1721		618		35.90935502614759
Wild_Hogs.txt		1		0		0.0
Wild_Things.txt		1877		657		35.00266382525306
Wild_Things__Diamonds_in_the_Rough.txt		1692		650		38.4160756501182
Wild_Wild_West.txt		1955		632		32.327365728900254
Willow.txt		1653		761		46.037507562008464
Win_Win.txt		1880		1134		60.31914893617021
Wind_Chill.txt		1423		463		32.53689388615601
Withnail_and_I.txt		5		0		0.0
Witness.txt		1805		583		32.29916897506925
Wizard_of_Oz.txt		1865		1092		58.552278820375335
Wolf_of_Wall_Street.txt		1551		578		37.26627981947131
Wonder_Boys.txt		1872		926		49.465811965811966
Wonder_Woman.txt		1771		727		41.05025409373235
Woodsman.txt		1995		793		39.74937343358396
World_is_not_Enough.txt		2050		588		28.68292682926829
Wrestler.txt		2085		637		30.551558752997604
X-Files__Fight_the_Future.txt		1506		521		34.59495351925631
X-Men.txt		1971		372		18.87366818873668
X-Men_Origins__Wolverine.txt		984		443		45.02032520325203
Year_One.txt		1431		740		51.7120894479385
Yes_Man.txt		2030		1025		50.49261083743842
You_Can_Count_On_Me.txt		1511		850		56.25413633355394
You_ve_Got_Mail.txt		2022		973		48.12067260138477
Youth_in_Revolt.txt		1568		856		54.59183673469388
Zero_Dark_Thirty.txt		1488		542		36.424731182795696
Zerophilia.txt		1580		770		48.734177215189874
Zootopia.txt		1511		713		47.1872931833223
xXx.txt		1771		652		36.815358554488995
