Break.txt		33		96		290.90909090909093
Breakdown.txt		1822		639		35.07135016465423
Breakfast_Club.txt		1210		794		65.6198347107438
Breaking_Away.txt		1420		439		30.915492957746476
Brick.txt		1689		787		46.59561870929544
Bridesmaids.txt		1769		1171		66.19559072922556
Bringing_Out_the_Dead.txt		1315		647		49.20152091254753
Broadcast_News.txt		2071		1126		54.36986962819894
Broken_Arrow.txt		1436		724		50.41782729805014
Broken_Embraces.txt		2083		900		43.20691310609698
Brothers_Bloom.txt		1828		693		37.91028446389497
Bruce_Almighty.txt		283		123		43.46289752650176
Buffy_the_Vampire_Slayer.txt		1877		926		49.334043686734155
Bull_Durham.txt		1965		835		42.49363867684479
Buried.txt		974		645		66.22176591375771
Burlesque.txt		1886		760		40.29692470837752
Burn_After_Reading.txt		1890		904		47.83068783068783
Burning_Annie.txt		1661		1101		66.28537025888019
Butterfly_Effect.txt		1798		658		36.59621802002225
Cable_Guy.txt		1618		808		49.93819530284301
Candle_to_Water.txt		1526		435		28.50589777195282
Capote.txt		1588		695		43.76574307304786
Carrie.txt		1966		753		38.30111902339776
Cars_2.txt		1		0		0.0
Case_39.txt		1774		690		38.89515219842165
Casino.txt		3957		1862		47.05585039171089
Cast_Away.txt		1		0		0.0
Catch_Me_If_You_Can.txt		1		0		0.0
Catwoman.txt		1959		0		0.0
Cecil_B.txt		1319		426		32.297194844579224
Cedar_Rapids.txt		1620		748		46.17283950617284
Cell.txt		1323		452		34.16477702191988
Cellular.txt		1414		658		46.53465346534654
Change-Up.txt		1596		813		50.93984962406015
Changeling.txt		1975		764		38.68354430379747
Chaos.txt		1737		672		38.68739205526771
Charade.txt		2418		1126		46.567411083540115
Charlie_s_Angels.txt		1992		505		25.35140562248996
Chasing_Amy.txt		1204		929		77.1594684385382
Chasing_Sleep.txt		2461		0		0.0
Cherry_Falls.txt		1777		658		37.02870005627462
Chinatown.txt		1986		1087		54.73313192346425
Christ_Complex.txt		1035		604		58.35748792270531
Chronicle.txt		1061		348		32.79924599434496
Chronicles_of_Narnia__The_Lion.txt		786		548		69.72010178117048
Cider_House_Rules.txt		1845		856		46.39566395663957
Cincinnati_Kid.txt		1670		998		59.76047904191617
Cinema_Paradiso.txt		1061		0		0.0
Cirque_du_Freak__The_Vampire_s_Assistant.txt		1408		819		58.16761363636363
Citizen_Kane.txt		1894		969		51.161562829989435
City_of_Joy.txt		471		237		50.318471337579616
Clash_of_the_Titans.txt		1534		552		35.98435462842243
Clerks.txt		2120		1459		68.82075471698114
Cliffhanger.txt		2191		514		23.45960748516659
Clueless.txt		2171		0		0.0
Cobb.txt		1187		361		30.41280539174389
Coco.txt		1985		810		40.80604534005038
Code_of_Silence.txt		1377		405		29.411764705882355
Cold_Mountain.txt		1793		917		51.14333519241495
Collateral.txt		2077		674		32.450649975926815
Collateral_Damage.txt		1806		556		30.78626799557032
Colombiana.txt		2163		780		36.061026352288486
Color_of_Night.txt		1		0		0.0
Confessions_of_a_Dangerous_Mind.txt		1773		839		47.3209249858996
Confidence.txt		116		102		87.93103448275862
Constantine.txt		1999		0		0.0
Cooler.txt		1341		547		40.790454884414615
Copycat.txt		1		0		0.0
Coraline.txt		1766		527		29.84144960362401
Coriolanus.txt		1160		648		55.86206896551724
Cradle_2_the_Grave.txt		392		123		31.377551020408163
Crank.txt		1832		633		34.55240174672489
Crash.txt		745		231		31.00671140939597
Crazy.txt		1826		729		39.923329682365825
Crazylove.txt		1944		915		47.0679012345679
Creation.txt		1257		557		44.31185361972951
Crime_Spree.txt		1774		934		52.649379932356254
Croods.txt		1470		603		41.0204081632653
Crouching_Tiger.txt		940		513		54.57446808510639
Croupier.txt		1		0		0.0
Crow.txt		1825		436		23.89041095890411
Crow_Salvation.txt		1647		449		27.26168791742562
Crow__City_of_Angels.txt		1849		0		0.0
Cruel_Intentions.txt		1683		857		50.92097445038621
Crying_Game.txt		1		0		0.0
Cube.txt		934		636		68.09421841541756
Curious_Case_of_Benjamin_Button.txt		2841		690		24.287222808870116
Custody.txt		1631		820		50.27590435315757
Dallas_Buyers_Club.txt		1310		603		46.030534351145036
Damned_United.txt		1416		663		46.82203389830508
Dances_with_Wolves.txt		2123		380		17.899199246349507
Dark_City.txt		1759		526		29.903354178510515
Dark_Knight_Rises.txt		2030		1097		54.039408866995075
Dark_Star.txt		602		304		50.498338870431894
Darkman.txt		2251		626		27.809862283429588
Date_Night.txt		1		0		0.0
Dave_Barry_s_Complete_Guide_to_Guys.txt		1318		585		44.38543247344462
Dawn_of_the_Dead.txt		12		0		0.0
Day_of_the_Dead.txt		1296		456		35.18518518518518
Day_the_Clown_Cried.txt		1935		835		43.15245478036176
